*   bed80      bed86      state
      4.7        4.2          1
      3.9        3.3          2
      4.4          4          3
      4.4        4.3          4
      3.8        3.5          5
      3.5        3.1          6
      4.5        4.3          7
      4.2        3.9          8
      4.8        4.6          9
      4.7        4.4         10
      4.5        4.2         11
      5.1        4.5         12
      4.4          4         13
      4.9        4.5         14
      5.7          5         15
      5.7        5.2         16
      5.7        5.1         17
      7.4        7.2         18
      5.5        6.5         19
        6        5.9         20
      5.8          5         21
      3.6        3.4         22
      3.6        3.3         23
      7.3        7.7         24
      4.1        3.7         25
      5.5        5.1         26
      4.2        3.5         27
      3.9        3.4         28
      4.6        4.3         29
      5.1        4.4         30
      4.5        4.4         31
      5.5        5.3         32
      5.1          5         33
      5.3        5.2         34
        5        4.7         35
      4.8        4.5         36
      4.6          4         37
      4.7        3.8         38
      5.9        5.7         39
      3.7        3.3         40
      3.6        4.4         41
      4.2        3.5         42
      3.1        2.9         43
      3.6        3.1         44
      3.1        2.7         45
      4.2        3.7         46
      3.1          3         47
      3.5        3.1         48
      3.6        3.1         49
      2.7        2.4         50
      3.1        2.6         51