*    year       male     female
     1940       60.8       65.2
     1950       65.6       71.1
     1960       66.6       73.1
     1970       67.1       74.7
     1971       67.4         75
     1972       67.4       75.1
     1973       67.6       75.3
     1974       68.2       75.9
     1975       68.8       76.6
     1976       69.1       76.8
     1977       69.5       77.2
     1978       69.6       77.3
     1979         70       77.8
     1980         70       77.4
     1981       70.4       77.8
     1982       70.8       78.1
     1983         71       78.1
     1984       71.1       78.2
     1985       71.1       78.2
     1986       71.2       78.2
     1987       71.4       78.3
     1988       71.4       78.3
     1989       71.7       78.5
     1990       71.8       78.8
     1991         72       78.9
     1992       72.3       79.1