* smoke 1=yes, disease 1=yes, sex 1=male
*   smoke    disease        sex
        1          1          1
        1          1          1
        1          1          1
        1          1          1
        1          1          1
        1          1          1
        1          1          1
        1          1          1
        1          1          1
        1          1          1
        1          1          1
        1          1          1
        1          1          1
        1          1          1
        1          1          1
        1          1          1
        1          1          1
        1          1          1
        1          1          1
        1          1          1
        1          1          1
        1          1          1
        1          1          1
        1          1          1
        1          1          1
        1          1          1
        1          1          1
        1          1          1
        1          1          1
        1          1          1
        1          1          1
        1          1          1
        1          1          1
        1          1          1
        1          1          1
        1          1          1
        1          1          1
        0          1          1
        0          1          1
        0          1          1
        0          1          1
        0          1          1
        0          1          1
        0          1          1
        0          1          1
        0          1          1
        0          1          1
        0          1          1
        0          1          1
        0          1          1
        0          1          1
        0          1          1
        0          1          1
        0          1          1
        0          1          1
        0          1          1
        0          1          1
        0          1          1
        0          1          1
        0          1          1
        0          1          1
        0          1          1
        1          0          1
        1          0          1
        1          0          1
        1          0          1
        1          0          1
        1          0          1
        1          0          1
        1          0          1
        1          0          1
        1          0          1
        1          0          1
        1          0          1
        1          0          1
        1          0          1
        1          0          1
        1          0          1
        1          0          1
        1          0          1
        1          0          1
        1          0          1
        1          0          1
        1          0          1
        1          0          1
        1          0          1
        0          0          1
        0          0          1
        0          0          1
        0          0          1
        0          0          1
        0          0          1
        0          0          1
        0          0          1
        0          0          1
        0          0          1
        0          0          1
        0          0          1
        0          0          1
        0          0          1
        0          0          1
        0          0          1
        0          0          1
        0          0          1
        0          0          1
        0          0          1
        1          1          0
        1          1          0
        1          1          0
        1          1          0
        1          1          0
        1          1          0
        1          1          0
        1          1          0
        1          1          0
        1          1          0
        1          1          0
        1          1          0
        1          1          0
        1          1          0
        0          1          0
        0          1          0
        0          1          0
        0          1          0
        0          1          0
        0          1          0
        0          1          0
        0          1          0
        0          1          0
        0          1          0
        0          1          0
        0          1          0
        0          1          0
        0          1          0
        0          1          0
        0          1          0
        0          1          0
        0          1          0
        0          1          0
        0          1          0
        0          1          0
        0          1          0
        0          1          0
        0          1          0
        0          1          0
        0          1          0
        0          1          0
        0          1          0
        0          1          0
        1          0          0
        1          0          0
        1          0          0
        1          0          0
        1          0          0
        1          0          0
        1          0          0
        1          0          0
        1          0          0
        1          0          0
        1          0          0
        1          0          0
        1          0          0
        1          0          0
        1          0          0
        1          0          0
        1          0          0
        1          0          0
        1          0          0
        0          0          0
        0          0          0
        0          0          0
        0          0          0
        0          0          0
        0          0          0
        0          0          0
        0          0          0
        0          0          0
        0          0          0
        0          0          0
        0          0          0
        0          0          0
        0          0          0
        0          0          0
        0          0          0
        0          0          0
        0          0          0
        0          0          0
        0          0          0
        0          0          0
        0          0          0
        0          0          0
        0          0          0
        0          0          0
        0          0          0
        0          0          0
        0          0          0
        0          0          0
        0          0          0
        0          0          0
        0          0          0
        0          0          0
        0          0          0
        0          0          0
        0          0          0
        0          0          0
        0          0          0
        0          0          0
        0          0          0
        0          0          0
        0          0          0
        0          0          0
        0          0          0
        0          0          0
        0          0          0
        0          0          0